--- Tensor: Probabilidades (shape: 500x10) ---
0.00190096, 0.0210375, 0.000188656, 0.6089, 0.00845769, 0.0132238, 0.00395389, 0.326766, 0.000724443, 0.0148472
0.00700598, 0.000620719, 4.10487e-05, 0.00157188, 0.00218966, 0.836142, 0.147412, 0.00270833, 0.0021872, 0.000120323
0.050491, 0.0699313, 0.697778, 0.00823556, 0.0675108, 0.00587456, 0.00096192, 0.0597544, 0.000867637, 0.0385951
0.0178294, 0.00501754, 0.000108295, 0.000614244, 0.708204, 0.00481308, 0.0258137, 0.235024, 0.00105503, 0.00152095
0.0247046, 0.121169, 0.0016825, 2.49792e-05, 0.0991333, 0.00347794, 0.736109, 0.00866334, 0.00304918, 0.0019865
0.0309394, 0.0129518, 0.0844111, 0.082507, 0.0102289, 0.411068, 0.11123, 0.0254028, 0.107807, 0.123454
0.223735, 0.00364594, 0.000142788, 0.00128415, 0.355622, 0.0781154, 0.307993, 0.00812865, 0.0151117, 0.00622271
0.335563, 0.240675, 0.154998, 0.013069, 0.0144059, 0.0261049, 0.120814, 0.0881114, 0.00376148, 0.00249659
0.13888, 0.00423135, 0.00175607, 0.000184462, 0.00387093, 0.0053695, 0.0599638, 0.761348, 0.015999, 0.00839735
0.00338821, 0.00435034, 0.00158606, 0.135001, 0.0222164, 0.749436, 0.0156394, 0.0397073, 0.00480552, 0.0238697
0.000204222, 0.00173088, 0.000307441, 7.45877e-05, 0.00560873, 7.53409e-05, 0.000168883, 0.984032, 5.80201e-06, 0.00779168
0.0515767, 0.0510625, 0.0980607, 0.453638, 0.0557473, 0.114637, 0.012435, 0.0667069, 0.00679037, 0.0893458
0.230394, 0.00535781, 0.179292, 0.00229425, 0.15389, 0.146442, 0.00141401, 0.0869997, 0.158364, 0.0355532
0.0548413, 0.177899, 0.142171, 0.00261888, 0.0089156, 0.000241277, 0.110209, 0.248184, 0.254381, 0.00053918
0.0730772, 0.289587, 0.0134418, 0.00636885, 0.00524747, 0.135353, 0.456368, 0.00554133, 0.0118367, 0.00317847
0.00799217, 0.390311, 0.013931, 0.00301637, 0.435851, 0.00643899, 0.103671, 0.00429565, 0.018193, 0.0163006
0.199956, 0.00173099, 0.0011413, 0.012957, 0.00709247, 0.628768, 0.0121734, 0.00428725, 0.00816578, 0.123728
0.00442044, 0.00693764, 0.00107495, 0.212564, 0.00763738, 0.0329372, 0.00220844, 0.68126, 0.000292039, 0.0506682
0.170138, 0.0117655, 0.00346559, 0.0938974, 0.0509061, 0.387154, 0.14083, 0.134068, 0.00573552, 0.00204025
0.00872302, 0.0688701, 0.853779, 0.00581903, 0.0150836, 0.000811117, 0.000411048, 0.0323082, 0.000218556, 0.0139761
0.183913, 0.0468501, 0.00123505, 0.100316, 0.0330305, 0.169228, 0.234794, 0.210081, 0.0195046, 0.00104755
0.0271397, 0.436501, 0.0618472, 0.0309958, 0.0126789, 0.320735, 0.0183812, 0.00572634, 0.0411955, 0.0447992
0.155074, 0.0432238, 0.0859693, 0.123081, 0.00622493, 0.000351336, 0.00563946, 0.55415, 0.0209381, 0.00534805
0.107228, 0.107063, 0.00278324, 0.0430185, 0.00309897, 0.230612, 0.130201, 0.000692095, 0.36888, 0.00642319
0.123987, 0.0281493, 0.124008, 0.667334, 0.00704808, 0.00677135, 0.0030391, 0.0124699, 0.0135434, 0.0136501
0.246083, 9.48275e-05, 0.0911629, 0.0466731, 0.000502181, 0.00644236, 0.00933004, 0.0130337, 0.27102, 0.315658
0.0149402, 0.377804, 0.0602254, 0.0867345, 0.00208958, 0.33381, 0.0159291, 0.0235147, 0.0162531, 0.0686999
0.00057121, 0.097566, 0.000423905, 0.00011545, 0.000548286, 0.00894129, 0.423418, 0.000297216, 0.441976, 0.0261425
0.00419725, 0.00346071, 0.000792471, 0.836543, 0.00180191, 0.14163, 0.00194003, 0.00196418, 0.000540643, 0.00712977
0.0161042, 0.00037954, 3.58344e-05, 0.000885963, 0.0460593, 0.897769, 0.018937, 0.0050632, 0.0101384, 0.00462767
0.00773088, 0.624243, 0.00752115, 0.00942131, 0.00354852, 0.0206848, 0.0139729, 0.307138, 0.00177751, 0.00396193
0.0128643, 0.140914, 0.000493781, 0.000322141, 0.0119798, 0.0014691, 0.00806873, 0.821881, 5.90133e-05, 0.00194827
0.00711767, 0.0590851, 0.000737944, 0.000963026, 0.503604, 0.0784765, 0.198166, 0.10721, 0.00657002, 0.0380696
0.984177, 0.000269648, 0.000965157, 0.0042485, 0.000157555, 0.00136486, 0.00082967, 0.000190536, 0.00702649, 0.000771069
0.000125756, 0.0020739, 0.00251748, 0.00165287, 0.15015, 2.99645e-05, 0.000159192, 0.54884, 0.00154276, 0.292908
0.0492668, 0.0108327, 0.00192897, 0.00463061, 0.0386936, 0.59579, 0.214341, 0.0661132, 0.0173134, 0.00108962
0.00839845, 0.0571281, 0.333495, 0.0335556, 0.00299771, 0.396976, 0.00127509, 0.0673429, 0.0250367, 0.0737947
0.0239299, 0.120113, 0.125285, 0.0571463, 0.00867516, 0.00557132, 0.00217559, 0.62107, 0.00161098, 0.034423
0.00268963, 0.626173, 0.0790213, 0.0018242, 0.00127497, 0.226376, 0.0212521, 0.00875162, 0.031701, 0.00093577
0.029606, 0.00233848, 0.00248566, 0.731767, 0.000771578, 0.0255364, 0.00774956, 0.0783318, 0.0559289, 0.0654844
0.0117373, 0.114059, 0.0894699, 0.481651, 0.0242953, 0.000225011, 0.0307131, 0.00732926, 0.230918, 0.00960226
0.0538504, 0.0098094, 0.131604, 0.759678, 0.00400647, 0.0124303, 0.0113585, 0.00134561, 0.00675516, 0.00916253
0.130972, 0.000962167, 0.146914, 0.00328691, 0.0390381, 0.000195179, 0.468575, 0.186599, 0.0230672, 0.000389713
0.00600609, 0.086637, 0.339992, 0.0502532, 0.00851996, 0.135461, 0.198162, 0.0218482, 0.147914, 0.00520544
0.00742851, 0.0176227, 0.000350615, 0.000322098, 0.884662, 0.0337327, 0.042308, 0.00522166, 0.00201527, 0.00633694
0.00425846, 0.877319, 0.0170347, 0.00517247, 0.00254721, 0.0628063, 0.00726321, 0.0059006, 0.00244556, 0.0152522
0.010532, 0.00618165, 0.000188136, 0.000433363, 0.0815652, 0.678408, 0.0414027, 0.119219, 0.0414236, 0.0206472
0.0101183, 0.516831, 0.00788656, 0.0138469, 0.00536231, 0.202784, 0.0281369, 0.207206, 0.00367791, 0.00415046
0.0773226, 0.0541802, 0.000806864, 0.00445259, 0.0201969, 0.0196918, 0.0278653, 0.793092, 0.000241854, 0.00214986
0.0189874, 0.0986761, 0.0390046, 0.0143484, 0.204866, 0.00037259, 0.0159127, 0.595181, 0.000413035, 0.012239
0.325943, 0.00110668, 0.0303489, 0.0900727, 0.00146195, 0.00623535, 0.00922726, 0.000350027, 0.502392, 0.0328614
0.000121124, 0.00491741, 0.00256752, 0.000921526, 0.516131, 1.91679e-05, 7.16833e-05, 0.301325, 0.00347911, 0.170447
0.0305415, 0.00301246, 0.000908326, 0.00343919, 0.0726837, 0.668564, 0.188665, 0.00604315, 0.0251461, 0.000996531
0.0127122, 0.282871, 0.0329453, 0.0116404, 0.0109558, 0.575205, 0.0242001, 0.0307824, 0.0155047, 0.00318364
0.588887, 0.00162503, 0.000705602, 0.000811247, 0.0218772, 0.000562026, 0.115281, 0.269417, 0.000787728, 4.63969e-05
0.267766, 0.0529022, 0.0685653, 0.0407304, 0.0169795, 0.293292, 0.0709159, 0.00992368, 0.0204032, 0.158523
0.00129765, 0.000261643, 0.000223613, 0.986744, 0.000371778, 0.00073391, 0.000436469, 0.00936646, 0.000196192, 0.000368297
0.00336475, 0.508972, 0.21354, 0.000385608, 0.0241866, 0.00125275, 0.00370908, 0.215076, 0.000329782, 0.0291825
0.250166, 0.0099781, 0.0279836, 0.12352, 0.0381427, 0.285425, 0.134404, 0.00532421, 0.0817135, 0.0433422
0.00169888, 0.0015927, 1.36164e-05, 0.000341575, 0.00195381, 0.186755, 0.80262, 0.0033806, 0.00137894, 0.000264366
0.000251087, 0.00126486, 0.000180668, 0.000257109, 0.000213246, 2.35117e-05, 3.525e-05, 0.996578, 2.25733e-06, 0.00119365
0.0906448, 0.0306495, 0.0220052, 0.0119485, 0.00719557, 0.741845, 0.0347214, 0.00736339, 0.0441719, 0.00945505
0.195294, 0.156893, 0.14524, 0.173797, 0.0403385, 0.0807394, 0.0489221, 0.0408286, 0.0557097, 0.0622378
0.334119, 0.0272739, 0.0440123, 0.00941349, 0.044987, 0.0361071, 0.0651664, 0.375453, 0.00382411, 0.0596438
0.315368, 0.0787461, 0.000816684, 0.104902, 0.290917, 0.000960774, 0.0268865, 0.152807, 0.000992821, 0.0276029
0.0100093, 0.00130774, 7.65227e-05, 0.00194865, 0.0104524, 0.548147, 0.401864, 0.00663392, 0.0172886, 0.0022723
0.829571, 0.00391606, 0.000217877, 0.000908068, 0.0242582, 0.0107463, 0.105074, 0.00109973, 0.0180849, 0.00612399
0.0274482, 0.000118055, 0.000735816, 0.00241803, 0.000246945, 0.649834, 0.0178795, 0.0064816, 0.254752, 0.0400867
0.00015401, 0.00290006, 0.00283249, 0.00214153, 0.137817, 3.62256e-05, 0.000181753, 0.52142, 0.00213061, 0.330386
0.0405437, 0.00817364, 0.00129588, 0.00354644, 0.0362213, 0.667948, 0.184321, 0.0371093, 0.0196506, 0.00119007
0.0109497, 0.00567223, 0.501994, 0.015792, 0.015888, 0.152593, 0.0109179, 0.00320976, 0.278282, 0.00470087
0.00205847, 0.0547279, 0.00357477, 0.000109417, 0.0993404, 0.723319, 0.0722176, 0.0178007, 0.0141387, 0.0127128
0.0532536, 0.138856, 0.690177, 0.000201776, 0.083395, 0.0124614, 0.00192157, 0.0164459, 0.00293153, 0.00035607
0.0727064, 0.0994259, 0.219308, 0.040789, 0.0727115, 0.0775179, 0.0130199, 0.314933, 0.0013365, 0.0882514
0.0173892, 0.0967815, 0.0150446, 0.0809312, 0.344712, 0.000162032, 0.0127128, 0.429063, 0.001647, 0.00155616
0.0222649, 0.129017, 0.00171357, 0.00510391, 0.829998, 0.000126476, 0.00204002, 0.00874444, 0.000377566, 0.000613868
0.313278, 0.150949, 0.022863, 0.120442, 0.000997945, 0.117811, 0.0636814, 0.192315, 0.0174153, 0.00024715
0.00104607, 0.000257241, 6.46475e-06, 0.00486585, 0.00419903, 0.130119, 0.851501, 0.00178293, 0.00561885, 0.000603807
0.0334539, 0.00521794, 0.00359855, 0.000325119, 0.00388544, 0.000207599, 0.00012686, 0.951162, 3.4543e-05, 0.00198843
0.200547, 0.0277808, 0.00251379, 0.458048, 0.0165207, 0.0422106, 0.01616, 0.233463, 0.00159654, 0.00116057
0.029617, 0.601653, 0.0472081, 0.00167732, 0.310517, 0.000838594, 0.000824608, 0.00487406, 0.000607298, 0.00218254
0.0522917, 0.0611522, 0.0145165, 0.0637641, 0.0320333, 4.25274e-05, 0.000450571, 0.214171, 0.00139272, 0.560185
0.018139, 0.388775, 0.00651488, 0.145405, 0.398707, 0.00566234, 0.0029048, 0.0116092, 0.00176134, 0.0205211
0.0428581, 0.00401223, 3.5839e-05, 0.00614088, 0.00159672, 0.900444, 0.0373789, 0.00420237, 0.00217847, 0.00115236
0.00372748, 0.000415056, 0.00199627, 0.014979, 0.00140309, 0.959681, 0.00395204, 0.0099281, 0.00275878, 0.00115905
0.0035649, 0.00703123, 0.00103418, 0.154042, 0.00608067, 0.0228359, 0.00149885, 0.741514, 0.000263336, 0.062135
0.173838, 0.0134454, 0.00300507, 0.065407, 0.0616519, 0.363372, 0.174426, 0.137745, 0.00470908, 0.00240055
0.0245927, 0.0372151, 0.8583, 0.00354136, 0.0343735, 0.0127388, 0.00123289, 0.0181169, 0.00163687, 0.00825124
0.0778158, 0.00108641, 0.000876707, 8.80085e-05, 0.0341403, 0.000546414, 0.0224761, 0.860655, 0.00145438, 0.000861058
0.126128, 0.112599, 0.00572166, 0.00204952, 0.0379902, 0.495133, 0.1437, 0.0695745, 0.00625196, 0.000852416
0.118042, 0.0119404, 0.0099916, 0.407826, 0.0395588, 0.0709827, 0.00876499, 0.0926073, 0.0109785, 0.229308
0.046373, 0.0183822, 0.0224262, 0.00997088, 0.0111959, 0.680431, 0.109281, 0.00121005, 0.098525, 0.00220475
0.208078, 0.00833007, 0.0367093, 0.440961, 0.0300657, 0.0521863, 0.0042851, 0.012823, 0.0251912, 0.18137
0.0393298, 0.108845, 0.129218, 0.0868196, 0.198354, 0.00181133, 0.0375037, 0.388269, 0.00483931, 0.00500943
0.110105, 0.213402, 0.436835, 0.0166615, 0.0042128, 0.0480893, 0.0391191, 0.105063, 0.0169008, 0.00961158
0.0182673, 0.103063, 0.00141366, 0.0111039, 0.0727002, 0.259924, 0.0445079, 0.00736624, 0.35341, 0.128244
3.54297e-05, 0.023718, 0.00811798, 0.000298435, 0.041463, 0.000118592, 0.000202519, 0.0192084, 0.000165619, 0.906672
0.00115807, 0.0192968, 0.0241904, 0.00698992, 0.00657083, 0.000122634, 0.00110361, 0.932202, 0.000318198, 0.00804717
0.217604, 0.542379, 0.0373661, 0.00180525, 0.00293149, 0.000202481, 0.0196422, 0.172568, 0.00523536, 0.000265164
0.0065697, 0.00614612, 4.71293e-05, 0.000466311, 0.00435626, 0.0348104, 0.936556, 0.0024247, 0.00767217, 0.00095159
0.0115023, 0.00163286, 0.000119805, 0.000759064, 0.0323953, 0.626022, 0.317756, 0.00129194, 0.00762352, 0.000897384
0.0337634, 0.000747752, 0.000779875, 0.0623515, 0.00035005, 0.852484, 0.00332473, 0.00174277, 0.00345668, 0.0409988
8.91743e-05, 0.00276754, 0.00204271, 0.000441527, 0.195178, 1.69183e-05, 6.6442e-05, 0.323315, 0.00661439, 0.469469
0.00957797, 0.00125977, 0.000254602, 0.00106723, 0.0237973, 0.603612, 0.330535, 0.00273362, 0.0267373, 0.000425418
0.0111748, 0.00013846, 0.00250372, 0.000509313, 0.000442942, 0.956932, 0.00357774, 0.00930144, 0.0151941, 0.000225846
0.0511498, 0.698387, 0.00957084, 0.00627396, 0.0478334, 0.139444, 0.0106972, 0.0335374, 0.000213043, 0.00289309
0.00564372, 0.0585808, 0.092837, 0.807993, 0.000290194, 0.00101868, 0.00174354, 0.030045, 0.000891758, 0.000956584
0.406129, 0.00363278, 0.00698199, 0.247366, 0.0321062, 0.194584, 0.0309935, 0.0110006, 0.0331613, 0.0340444
0.217556, 0.0644516, 0.00969282, 0.00298426, 0.070053, 0.00075053, 0.0148081, 0.600118, 0.000306142, 0.0192794
0.232023, 0.014002, 0.0101354, 0.199063, 0.111544, 0.161225, 0.0317466, 0.00915404, 0.0538248, 0.177282
0.00109968, 0.00256624, 0.0777368, 0.000636618, 0.00281265, 0.00339201, 0.0289647, 0.00894288, 0.851528, 0.0223202
0.00521735, 0.116872, 0.226304, 0.252323, 0.013213, 0.218745, 0.0734388, 0.0759548, 0.0148468, 0.00308565
0.00404587, 0.750817, 0.00161911, 0.000225567, 0.0462832, 0.00387746, 0.155799, 0.0352766, 0.00030189, 0.00175399
0.0836231, 0.0687114, 0.00477993, 0.0231925, 0.0799326, 0.481082, 0.0555454, 0.0261768, 0.0122638, 0.164693
0.0150464, 0.0428261, 0.000593531, 0.000260851, 0.619956, 0.0147543, 0.00968806, 0.0115098, 0.210887, 0.0744782
0.00082974, 0.00130874, 1.71013e-05, 0.00132485, 0.000403936, 0.956203, 0.0312759, 0.000412768, 0.00809897, 0.000125305
0.0745674, 0.0289488, 0.00727805, 0.0112753, 0.0206067, 0.641997, 0.181359, 0.00677894, 0.0249033, 0.00228548
0.0138248, 0.000310033, 9.16456e-05, 0.00126071, 0.00658165, 0.822367, 0.14378, 0.00125879, 0.00853552, 0.0019897
0.0700851, 0.00103521, 0.00146405, 0.359355, 0.00016705, 0.237656, 0.00622616, 0.00253751, 0.216938, 0.104535
0.000104288, 0.000953312, 0.000537129, 0.00238446, 0.0348643, 0.000207271, 0.000332459, 0.798305, 0.00113898, 0.161173
0.0181521, 0.00311198, 0.00383687, 0.00213337, 0.00887906, 0.866219, 0.0733496, 0.00171602, 0.0223905, 0.000211092
0.00459798, 0.000414648, 0.000109386, 0.000577063, 0.000499194, 0.981478, 0.00852626, 0.00158059, 0.00216168, 5.50438e-05
0.201349, 0.024824, 0.000275516, 0.00185746, 0.0187494, 0.146082, 0.347349, 0.255314, 0.00400612, 0.000193729
0.0487525, 0.39474, 0.138316, 0.398295, 0.000214764, 0.0143734, 0.000224015, 0.00211317, 0.00131085, 0.00165992
0.493765, 0.00303419, 0.00527036, 0.124849, 0.0510044, 0.163426, 0.0341377, 0.0533818, 0.0108205, 0.0603117
0.00671904, 0.010724, 0.959819, 0.00463514, 0.00146118, 0.000110155, 0.000223947, 0.012897, 0.00060533, 0.00280567
0.170431, 0.0386735, 0.312508, 0.0669452, 0.0609898, 0.173128, 0.053794, 0.0206378, 0.06075, 0.0421429
0.0383612, 0.00589401, 0.000391924, 0.00378109, 0.00653697, 0.00191208, 0.165269, 0.761837, 0.00096839, 0.0150481
0.022375, 0.0757906, 0.00306081, 0.0578982, 0.013144, 0.717268, 0.0485553, 0.0500154, 0.00748365, 0.00440864
0.000810859, 0.958302, 0.00053157, 0.000882688, 0.0102608, 0.0042551, 0.00012342, 0.0193838, 0.000154323, 0.00529503
0.0199661, 0.334225, 0.0403624, 0.00936639, 0.047842, 0.277391, 0.153606, 0.102079, 0.011058, 0.00410478
0.0224358, 0.00452904, 0.000360687, 0.000236194, 0.0277044, 0.0512105, 0.232133, 0.263385, 0.326572, 0.0714342
0.066332, 0.0322261, 0.000658015, 0.00122123, 0.0175421, 0.0493226, 0.387368, 0.00619616, 0.437974, 0.00115983
0.0350804, 0.0795472, 0.000595746, 0.00825756, 0.530649, 0.00652012, 0.315546, 0.00436204, 0.00833309, 0.0111091
0.284852, 0.0156962, 0.000266598, 0.00132402, 0.547345, 0.000854154, 0.026216, 0.00844503, 0.00567065, 0.10933
0.0035152, 4.86752e-05, 0.000113443, 0.00445547, 5.98856e-05, 0.98166, 0.00407804, 0.000741478, 0.0027295, 0.0025988
0.00187936, 0.00125043, 0.000233814, 0.0157313, 0.000797527, 0.00254725, 0.000852705, 0.959145, 0.000797981, 0.0167649
0.248277, 0.0159953, 0.0246818, 0.191771, 0.019175, 0.351182, 0.0581904, 0.0851952, 0.00300969, 0.00252333
0.456307, 0.00144839, 0.476648, 0.000404435, 0.028605, 0.00224981, 0.0010844, 0.020318, 0.0120648, 0.000870132
0.468057, 0.349615, 0.0464684, 0.000490333, 0.0471022, 0.00179471, 0.0219061, 0.0631628, 0.000291067, 0.00111288
0.243714, 0.00159682, 0.0084438, 0.000948243, 0.0144855, 0.0289658, 0.69448, 0.00566692, 0.000696869, 0.0010024
0.316121, 0.00247606, 0.0196029, 0.369081, 0.0221995, 0.0443827, 0.0170615, 0.0778676, 0.0101254, 0.121082
0.320561, 0.0281111, 0.0244508, 0.0182262, 0.039043, 0.0858551, 0.307059, 0.115762, 0.0142058, 0.0467259
0.14129, 0.0687937, 0.0185235, 0.136617, 0.054099, 0.228111, 0.0154286, 0.061767, 0.115864, 0.159505
0.00273619, 0.000915728, 0.00167871, 0.000166625, 0.148635, 0.00442013, 0.697527, 0.0190247, 0.0752277, 0.0496685
0.00123445, 0.211988, 0.668413, 0.0168215, 0.00349166, 0.0524384, 0.0254889, 0.0160073, 0.00375774, 0.000359058
0.0169305, 0.267939, 0.0147949, 0.00128279, 0.0215429, 0.185521, 0.457673, 0.0152226, 0.0188755, 0.000217194
0.0094576, 0.0109747, 0.00405668, 0.869603, 0.0131266, 0.0445349, 0.000680029, 0.0128129, 0.000977944, 0.0337757
0.350769, 0.00045527, 0.000558441, 0.00403866, 0.0651494, 0.472936, 0.0142181, 0.0222594, 0.0357519, 0.0338645
0.0208032, 0.282334, 0.0124527, 0.0406933, 0.0121696, 0.252868, 0.048896, 0.319938, 0.00472581, 0.0051202
0.00277132, 0.191379, 0.390426, 0.0187074, 0.314649, 0.00170817, 0.00423315, 0.0563125, 0.000567572, 0.019246
0.469036, 0.00426826, 0.000507455, 0.00376121, 0.0967442, 0.122617, 0.203177, 0.00139604, 0.0453403, 0.0531527
0.0201335, 0.000387732, 0.00106866, 0.213766, 2.30143e-05, 0.671627, 0.00256648, 0.00148901, 0.0725968, 0.016342
0.00154091, 0.00378763, 0.000516827, 0.0558725, 0.00421573, 0.0130563, 0.00130914, 0.868435, 0.000187854, 0.0510778
0.180289, 0.0197224, 0.0078317, 0.0782218, 0.0604601, 0.25843, 0.107708, 0.27893, 0.00508226, 0.00332464
0.0723243, 0.0202436, 0.763267, 0.00880813, 0.0461019, 0.0239335, 0.00587947, 0.0249701, 0.00626997, 0.0282017
0.00351646, 0.00110598, 4.30205e-05, 0.00169592, 0.000653676, 0.591958, 0.389609, 0.000288427, 0.0108829, 0.000246204
0.0557412, 0.362613, 0.0199667, 0.0111937, 0.0157646, 0.306008, 0.163392, 0.0124551, 0.0413248, 0.0115409
0.0869116, 0.0234134, 0.0310287, 0.581325, 0.00611319, 0.0237155, 0.0245413, 0.179439, 0.0212065, 0.0223059
0.0344083, 0.0277451, 0.0195107, 0.580609, 0.0185723, 0.000748858, 0.156916, 0.0806493, 0.0803751, 0.000465768
0.100467, 0.0479993, 0.0962157, 0.125024, 0.0677334, 0.316522, 0.10536, 0.0887808, 0.00862383, 0.0432734
0.134397, 0.00686063, 0.0114946, 0.00219506, 0.0137254, 0.00132697, 0.217269, 0.578627, 0.0339069, 0.000197273
0.00750474, 0.118338, 0.329478, 0.211649, 0.00836029, 0.143882, 0.0390767, 0.0558348, 0.0728074, 0.0130681
0.00618247, 0.0320969, 0.00647178, 0.00994048, 0.522535, 0.0717292, 0.147684, 0.125382, 0.0423497, 0.0356275
0.0420079, 0.813054, 0.0907745, 0.00239478, 0.0108417, 0.00205672, 0.00106723, 0.0194627, 0.00149108, 0.0168493
0.00812587, 0.00568352, 0.000959238, 0.000884051, 0.00310789, 0.86084, 0.0106053, 0.089552, 0.0176202, 0.00262221
0.0326768, 0.049231, 0.00315046, 0.0273302, 0.00389252, 0.0855903, 0.125841, 0.666487, 0.00554564, 0.000255005
0.000225448, 0.000441065, 9.6469e-05, 0.000160177, 7.27856e-06, 0.031335, 0.963427, 0.000417842, 0.00386642, 2.3139e-05
0.0609032, 0.00225427, 0.000189971, 0.00090389, 0.0551853, 0.310915, 0.470107, 0.0230691, 0.0409834, 0.035489
0.0312315, 0.000550092, 0.000161407, 0.0199737, 0.000271644, 0.921739, 0.00634898, 0.0023433, 0.0136773, 0.00370291
0.00341004, 0.00506422, 0.000453952, 0.0492213, 0.00106989, 0.00587415, 0.0013613, 0.925579, 0.000995178, 0.00697081
0.16374, 0.00701909, 0.0107565, 0.129813, 0.0336145, 0.579473, 0.044074, 0.0261306, 0.00347915, 0.00189967
0.0345029, 0.0332656, 0.812458, 0.00520824, 0.0220542, 0.0404236, 0.021134, 0.00890335, 0.0171835, 0.00486675
0.131767, 0.0505122, 0.0359037, 0.0131686, 0.0304073, 0.00324449, 0.00942494, 0.724189, 9.76649e-05, 0.00128545
0.0315761, 0.0391874, 0.00466852, 0.00020308, 0.0314015, 0.258715, 0.0385279, 0.591919, 0.000994566, 0.0028073
0.0241548, 0.000686469, 0.00508202, 0.876259, 0.00211632, 0.0211553, 0.0078431, 0.00153911, 0.0216065, 0.0395577
0.241101, 0.0729542, 0.173514, 0.0349311, 0.0643773, 0.205515, 0.0989439, 0.0857177, 0.00928924, 0.013656
0.263778, 0.0186136, 0.0301458, 0.144029, 0.0150851, 0.414526, 0.0428596, 0.0137534, 0.0432784, 0.0139303
0.0533573, 0.0723842, 0.00491833, 0.0108469, 0.0949585, 0.000382336, 0.037127, 0.72291, 0.00179722, 0.00131845
0.142448, 0.148788, 0.133039, 0.000886366, 0.102408, 0.0050974, 0.0314022, 0.43097, 0.00282491, 0.00213612
0.000438393, 6.50179e-05, 5.98817e-05, 0.00182916, 0.000219339, 0.99272, 0.000645976, 0.00033743, 0.00326552, 0.000419075
0.0269239, 0.228914, 0.138689, 0.0508534, 0.0826206, 0.23909, 0.0810164, 0.0393494, 0.0470563, 0.0654868
0.146404, 0.0949648, 0.195479, 0.00409392, 0.0277026, 0.00899225, 0.061794, 0.445461, 0.00547867, 0.00962937
0.00374974, 0.700255, 0.213074, 5.93789e-05, 0.00178529, 0.000364193, 0.0683695, 0.00884858, 0.0033452, 0.000149278
0.0250937, 0.00178285, 0.000194596, 0.0130463, 0.00367237, 0.856736, 0.0592502, 0.000497484, 0.0315271, 0.00819929
0.0176404, 0.000682089, 9.01891e-05, 0.000798181, 0.0156221, 0.616428, 0.337469, 0.000637749, 0.00897576, 0.00165683
0.0042755, 0.000286961, 0.000246295, 0.0568745, 7.38928e-05, 0.899003, 0.00176478, 0.00122824, 0.00585878, 0.0303884
7.06048e-05, 0.00119293, 0.00152732, 0.00123245, 0.0961626, 2.30258e-05, 0.000125457, 0.513415, 0.0024322, 0.383818
0.0265294, 0.00393602, 0.000921902, 0.00391356, 0.0443991, 0.714633, 0.169548, 0.00761278, 0.0275384, 0.000967495
0.0951243, 0.00230205, 0.823682, 0.00541156, 0.00765353, 0.0303193, 0.00109119, 0.0121976, 0.0179509, 0.00426759
0.052631, 0.463837, 0.0301708, 0.000460042, 0.134955, 0.180375, 0.0982718, 0.0303714, 0.00731154, 0.00161581
0.0145523, 0.25738, 0.00543653, 0.0163013, 0.00819053, 0.662526, 0.00663615, 0.0257899, 0.000143545, 0.00304363
0.258328, 0.0115521, 0.0459717, 0.345284, 0.00916216, 0.0122108, 0.00288266, 0.146546, 0.0225879, 0.145475
0.00228854, 0.00182763, 0.000175317, 0.00827171, 0.00128617, 0.00779582, 0.971844, 0.00139724, 0.00266745, 0.00244616
0.0430615, 0.243776, 0.246801, 0.175946, 0.167917, 0.019167, 0.0159316, 0.0533836, 0.00146112, 0.0325549
0.203274, 0.0253213, 0.142081, 0.000552232, 0.015268, 0.0982191, 0.213091, 0.0778144, 0.224208, 0.000172106
0.147378, 0.0333162, 0.000310238, 0.00879199, 0.427155, 0.000180352, 0.0589024, 0.322062, 0.000532623, 0.00137044
0.00424055, 0.0984732, 0.00716589, 0.00408252, 0.169087, 0.00059444, 0.660053, 0.0550227, 0.00122082, 5.96566e-05
0.0827131, 0.0732944, 0.188914, 0.289479, 0.0346004, 0.191382, 0.00769203, 0.00767993, 0.0078199, 0.116424
0.285195, 0.00212144, 0.00213971, 0.00667314, 0.0213485, 0.0414922, 0.00293534, 0.447921, 0.173665, 0.0165082
0.091489, 0.524884, 0.000496712, 0.0569807, 0.00392128, 0.00208268, 0.146083, 0.171116, 0.00235302, 0.000594426
0.0645556, 0.0119561, 0.000160682, 0.000973672, 0.0170338, 0.000289653, 0.248678, 0.655715, 0.000317967, 0.000319581
0.0346385, 0.000485649, 0.000285623, 0.00052813, 0.00248701, 0.679654, 0.00668327, 0.0173593, 0.0140489, 0.24383
0.0132638, 5.14551e-05, 0.000169314, 0.00336271, 0.00152765, 0.963323, 0.00415828, 0.00067217, 0.00669073, 0.00678104
0.00224445, 0.00289031, 0.00018984, 0.0177449, 0.000941016, 0.00348371, 0.00125423, 0.963888, 0.0011186, 0.0062453
0.252357, 0.0202013, 0.059279, 0.175774, 0.0501887, 0.314888, 0.0554743, 0.0629304, 0.00493256, 0.00397505
0.00876127, 0.00104038, 0.0136324, 0.000231021, 0.00421601, 0.618466, 0.321897, 0.0241166, 0.00742395, 0.000214603
0.000933411, 8.13399e-05, 6.80317e-05, 0.000326495, 0.000125747, 0.000802556, 0.00658015, 0.988543, 0.000879711, 0.00165946
0.000781475, 0.00811663, 0.00035921, 0.00574427, 0.0392398, 0.872131, 0.0430776, 0.0129882, 0.000406596, 0.0171558
0.0881021, 0.00989951, 0.0474653, 0.739503, 0.00628151, 0.0520792, 0.00230722, 0.0411228, 0.00318523, 0.0100543
0.448946, 0.0377018, 0.029041, 0.0482468, 0.027947, 0.0485552, 0.0142117, 0.147084, 0.00284153, 0.195425
0.759784, 0.00453766, 0.00236246, 0.0252585, 0.0338899, 0.015506, 0.0206147, 0.00338552, 0.0677312, 0.0669298
0.0798432, 0.0260069, 0.00407609, 6.24755e-05, 0.00715462, 0.00272282, 0.350786, 0.443861, 0.0842161, 0.00127056
0.00645722, 0.191821, 0.0553879, 0.2648, 0.017301, 0.158518, 0.0425359, 0.171162, 0.0315788, 0.0604389
0.00215026, 0.888512, 0.0311721, 0.0204146, 0.00305774, 0.0320375, 0.00799634, 0.00963411, 0.00222784, 0.00279798
0.00288291, 0.00422051, 0.000258463, 0.000175689, 0.244549, 4.41613e-05, 0.683942, 0.0588851, 9.68337e-05, 0.00494525
0.003769, 0.13516, 0.00030489, 0.000346464, 0.12215, 0.00870739, 0.00216916, 0.635943, 0.00234749, 0.0891031
0.410611, 0.133845, 0.013859, 0.0516542, 0.00384159, 0.000394011, 0.267566, 0.103211, 0.014461, 0.000556211
0.0170343, 0.00148862, 0.00122463, 0.0259415, 0.00127391, 0.935596, 0.0104884, 0.000688608, 0.00292459, 0.00333926
0.00925591, 0.000365384, 9.06525e-05, 0.00154191, 0.0031832, 0.839663, 0.120867, 0.00134503, 0.0225078, 0.00117957
0.0578157, 0.00187488, 0.00101409, 0.197366, 0.000454026, 0.167034, 0.0047292, 0.00357342, 0.171088, 0.395051
8.18528e-05, 0.00322126, 0.00189815, 0.000181036, 0.565365, 1.92589e-05, 4.00584e-05, 0.144631, 0.00783261, 0.27673
0.00888848, 0.00127266, 0.000212557, 0.000902326, 0.0229591, 0.615272, 0.326617, 0.00421681, 0.0191906, 0.000467761
0.0172016, 0.00115307, 0.00735537, 0.00340643, 0.00557854, 0.00211573, 0.00139943, 0.961068, 0.000637697, 8.38464e-05
0.129672, 0.0132525, 0.00341321, 0.000825313, 0.27677, 0.00071811, 0.00069683, 0.573491, 6.2595e-05, 0.00109826
0.183552, 0.0961316, 0.0352264, 0.00315678, 0.383817, 0.0472126, 0.0118029, 0.22192, 0.00145621, 0.0157251
0.0630748, 0.102316, 0.0346535, 0.436813, 0.0430615, 0.020463, 0.00168991, 0.256436, 0.00121282, 0.0402803
0.0178626, 0.0308105, 0.0285224, 0.736466, 0.0278682, 0.00240098, 0.00771784, 0.131227, 0.0024036, 0.0147214
0.0180185, 0.00485448, 0.0209792, 0.781239, 0.000342933, 0.132957, 0.0280534, 0.000190237, 0.00631439, 0.00705033
0.0533212, 0.0315703, 0.00047281, 0.00625913, 0.000906777, 0.00383361, 0.70455, 0.175291, 0.0233729, 0.000422819
0.000567957, 0.0104868, 0.000222018, 0.0031153, 0.00138051, 0.967564, 0.0122764, 0.00185134, 0.00219253, 0.000343221
0.000127564, 0.0127473, 0.000343731, 5.00979e-05, 0.00303981, 0.00207913, 0.000696995, 0.977615, 0.000309265, 0.00299127
0.00250636, 0.00438116, 0.000587707, 0.000619263, 0.0743481, 0.70949, 0.185552, 0.0126485, 0.00900691, 0.000860411
0.0736245, 0.047454, 0.00195721, 0.000979022, 0.0326191, 0.0104878, 0.0331279, 0.790539, 0.00218656, 0.007025
0.113568, 0.627045, 0.0196271, 0.0298865, 0.00110234, 9.9386e-05, 0.06263, 0.14418, 0.00150354, 0.00035869
0.0645856, 0.0470502, 0.00024906, 0.0165765, 0.0225777, 0.702767, 0.0818799, 0.00164556, 0.0315118, 0.0311573
0.00548899, 5.52548e-05, 2.533e-05, 0.000403506, 9.54137e-05, 0.97452, 0.014968, 0.00056537, 0.00339892, 0.000479197
0.0118213, 0.000292319, 0.00394739, 0.00338127, 0.00360757, 0.963683, 0.00487586, 0.00457059, 0.0029741, 0.000846258
0.000387342, 0.000760114, 0.000208097, 0.00902163, 0.00127668, 0.00169253, 0.000513072, 0.956741, 0.000103158, 0.0292965
0.204443, 0.0239766, 0.0143693, 0.0892579, 0.0330831, 0.214751, 0.0808365, 0.33412, 0.00280839, 0.00235507
0.0452822, 0.0464057, 0.520226, 0.0442337, 0.0279781, 0.23259, 0.0181832, 0.0159617, 0.0261925, 0.0229469
0.503912, 0.290282, 0.0262507, 0.0838019, 0.0066291, 0.0377681, 0.0206926, 0.0289426, 0.000399207, 0.00132116
0.0267645, 0.0374177, 0.0321734, 0.00169105, 0.00983624, 0.484558, 0.309865, 0.00540877, 0.0919126, 0.000372964
0.0064468, 0.0109018, 0.00900346, 0.620691, 0.0093083, 8.94061e-05, 0.000883495, 0.309463, 0.00260694, 0.030606
0.00668407, 0.00188028, 0.00109016, 0.4007, 0.000147312, 0.0036767, 0.212522, 0.000208165, 0.370059, 0.00303216
0.194189, 0.00424326, 0.009357, 0.109612, 0.0402509, 0.427009, 0.0937123, 0.00364465, 0.0965303, 0.0214519
0.000190482, 0.00412063, 0.000337302, 0.0068986, 0.0104661, 0.617109, 0.254053, 3.53296e-05, 0.0784714, 0.028318
0.0416185, 0.0946782, 0.0135845, 0.00897726, 0.0292392, 0.761226, 0.0320702, 0.0054995, 0.00995788, 0.00314897
0.00458138, 0.328822, 0.353427, 0.146488, 0.00545037, 0.125884, 0.000384581, 0.0258064, 0.00110175, 0.00805414
0.0260738, 0.558352, 0.0698378, 0.32038, 0.00287599, 0.00288899, 0.00568982, 0.0104986, 0.000902504, 0.00250075
0.573035, 0.00431057, 0.00840587, 0.0205141, 0.0392564, 0.0891665, 0.21052, 0.0414494, 0.0113311, 0.00201088
0.0140354, 0.411896, 0.444112, 0.000108205, 0.0029091, 0.000359312, 0.00290688, 0.119805, 0.00147168, 0.00239634
0.0318879, 0.00276599, 0.000154996, 0.000807369, 0.00423288, 0.101789, 0.819084, 0.00176036, 0.0355563, 0.00196136
0.00868098, 0.00580543, 0.000200297, 0.000229543, 0.109975, 0.108771, 0.753695, 0.00473457, 0.00600738, 0.00190153
0.00924429, 0.000370215, 0.000405504, 0.040715, 0.00013094, 0.919518, 0.00235043, 0.00253565, 0.00174096, 0.0229891
0.00145662, 0.00241589, 0.000432626, 0.0214286, 0.000737257, 0.00335239, 0.00109987, 0.957602, 0.000559804, 0.0109146
0.229383, 0.0157895, 0.0217297, 0.164676, 0.0327939, 0.383448, 0.0558363, 0.090326, 0.00317469, 0.00284331
0.0239103, 0.00395278, 0.104827, 0.00256905, 0.0042209, 0.767959, 0.0831749, 0.00152135, 0.0066267, 0.00123839
0.372929, 0.0308102, 0.00320164, 0.000327627, 0.0687849, 0.00956359, 0.038464, 0.475029, 0.000298692, 0.00059106
0.193443, 0.0579969, 0.0109227, 0.0006697, 0.0481667, 0.319551, 0.169173, 0.181139, 0.0164378, 0.00250022
0.00153059, 0.00100148, 0.00170202, 0.899465, 0.000161218, 0.0474612, 0.00151492, 0.000502283, 0.0155719, 0.0310891
0.319692, 0.0307488, 0.0370877, 0.25717, 0.0513595, 0.236902, 0.0244911, 0.00538966, 0.0124239, 0.024735
0.697312, 0.05435, 0.0215183, 0.0118934, 0.0455786, 0.00361362, 0.0106491, 0.127275, 0.00148682, 0.0263229
0.335491, 0.0276822, 0.0018115, 0.00706248, 0.11345, 0.000473227, 0.0580053, 0.454069, 0.00139561, 0.000559577
0.0448533, 0.634229, 0.0296345, 0.00198151, 0.0115216, 0.0210835, 0.0589162, 0.18408, 0.00821073, 0.00548931
0.00394257, 0.00218142, 0.000609318, 0.0090662, 0.000851022, 0.965449, 0.0082877, 0.000412159, 0.00704608, 0.00215481
0.0130614, 0.123325, 0.0282299, 0.75265, 0.00754508, 0.0250626, 0.00303613, 0.0229115, 0.000700138, 0.0234786
0.267058, 0.00497561, 0.000864928, 0.00130911, 0.138153, 0.0227566, 0.0339613, 0.304108, 0.0089533, 0.217861
0.0402958, 0.0431358, 0.427761, 0.00231765, 0.0018016, 8.93904e-05, 0.00163321, 0.479071, 0.00349597, 0.000399403
0.00313799, 0.00115534, 1.22506e-05, 5.95621e-05, 0.00111823, 0.00141235, 0.990434, 0.000815417, 0.000711483, 0.00114372
0.0210506, 0.000641027, 8.81639e-05, 0.00108744, 0.0190549, 0.756026, 0.193311, 0.00145151, 0.0043553, 0.00293429
0.0188311, 0.00031091, 0.000267002, 0.228894, 8.09341e-05, 0.700754, 0.00126341, 0.00281147, 0.00514141, 0.0416453
0.00180428, 0.00696896, 0.00161079, 0.0329486, 0.00431139, 0.00687927, 0.000953744, 0.85625, 0.000675392, 0.0875972
0.134577, 0.00255333, 0.00109835, 0.0115315, 0.00427857, 0.780827, 0.0488234, 0.0127818, 0.00317968, 0.000349078
0.0114828, 0.0759981, 0.450127, 0.00131639, 0.0610053, 0.00240582, 0.00191559, 0.392982, 0.000297898, 0.00246894
0.0427809, 0.00699591, 0.00372009, 0.00159767, 0.0575794, 0.000302411, 0.0458818, 0.840547, 0.000295875, 0.00029883
0.376888, 0.13069, 0.00529063, 0.000725273, 0.0393116, 0.184949, 0.215047, 0.0215498, 0.0217696, 0.0037794
0.0800962, 0.0467108, 0.135728, 0.102509, 0.0475927, 0.337226, 0.0201904, 0.133441, 0.007422, 0.0890849
0.067237, 0.175737, 0.337902, 0.347504, 0.0122657, 0.0122897, 0.00441081, 0.0242372, 0.00134816, 0.0170681
0.0637464, 0.0335144, 0.00475293, 0.00425163, 0.877617, 0.000652593, 0.00861469, 0.00429379, 0.00159028, 0.000966373
0.399624, 0.0160381, 0.00840541, 0.00604846, 0.0969726, 0.00201977, 0.0772903, 0.00397775, 0.388166, 0.00145846
0.486358, 0.000389845, 0.000995449, 0.000301016, 0.0938153, 0.00216955, 0.0221962, 0.37, 0.0122955, 0.0114793
0.104313, 0.0781604, 0.251784, 0.125142, 0.0947054, 0.183649, 0.0251968, 0.0413081, 0.0453131, 0.0504273
0.0528717, 0.0111747, 0.000587064, 0.0406091, 0.00326219, 0.000446469, 0.0028513, 0.886776, 0.000159743, 0.00126203
0.0257118, 0.0531925, 0.000927949, 0.000133419, 0.906151, 0.000496897, 0.00290079, 0.00815352, 0.000648885, 0.00168357
0.0582389, 0.0573852, 0.254816, 0.00183248, 0.0187762, 2.47594e-05, 0.00132216, 0.60305, 0.000349904, 0.00420483
0.111315, 0.01787, 0.0139017, 0.116913, 0.0230614, 0.468543, 0.00552837, 0.011074, 0.0198519, 0.211942
0.0173005, 0.000348741, 0.000157309, 0.00214855, 0.00847806, 0.572197, 0.333829, 0.000631431, 0.0611646, 0.00374396
0.024776, 0.00206834, 0.00272225, 0.364858, 0.000259967, 0.0976687, 0.00163183, 0.00268725, 0.0591396, 0.444188
0.00012156, 0.00038592, 9.82537e-05, 0.001156, 0.00937861, 0.000156647, 0.000280436, 0.960863, 0.000249383, 0.02731
0.288769, 0.0252098, 0.0181355, 0.091685, 0.0188979, 0.433221, 0.0769485, 0.0406264, 0.00394654, 0.00256046
0.805441, 0.00724153, 0.0232302, 0.000362552, 0.0438856, 0.0562565, 0.00168249, 0.0444, 0.00773309, 0.00976676
0.0809703, 0.518871, 0.128292, 0.0114386, 0.0150889, 0.148612, 0.00492611, 0.0686702, 0.00158834, 0.0215423
0.000770951, 0.000767179, 0.00317799, 0.00267768, 0.000376055, 0.703578, 0.271007, 8.96901e-05, 0.0172525, 0.000303272
0.14293, 0.00469894, 0.0740493, 0.655103, 0.00558622, 0.0352925, 0.0106627, 0.0205674, 0.00497699, 0.0461332
0.172746, 0.0742763, 0.134275, 0.0274076, 0.0339937, 0.272552, 0.22316, 0.0149579, 0.0164218, 0.0302095
0.267933, 0.0491748, 0.0501372, 0.0574321, 0.042078, 0.181111, 0.223641, 0.00750175, 0.107279, 0.0137115
0.00689005, 0.000327287, 2.6218e-05, 0.000456796, 0.125343, 0.00691941, 0.824704, 0.00217225, 0.025827, 0.00733356
0.0064995, 0.177085, 0.0208023, 0.00132707, 0.00601474, 0.541251, 0.048541, 0.00437239, 0.179036, 0.0150702
0.0128735, 0.398214, 0.404515, 0.000314346, 0.00685706, 0.00206971, 0.0176181, 0.00229255, 0.126533, 0.0287128
0.0315619, 0.00762137, 0.0104436, 0.0461558, 0.00639578, 0.813926, 0.0152859, 0.00587191, 0.0476843, 0.0150536
0.26074, 0.00041251, 0.000130194, 0.00112074, 0.0120994, 0.173038, 0.384804, 0.00128499, 0.163932, 0.0024384
0.075205, 0.727538, 0.0121748, 0.00132318, 0.00413574, 0.000253386, 0.01923, 0.146157, 0.0116398, 0.00234398
0.0132038, 0.455614, 0.142071, 0.0206966, 0.230343, 0.00558309, 0.00737549, 0.0471768, 0.0200677, 0.0578683
0.0297225, 0.00198373, 0.000437547, 0.00190969, 0.0995605, 0.669961, 0.153877, 0.00123006, 0.0117518, 0.0295664
0.00765445, 0.000708818, 0.000353351, 0.144605, 0.000111574, 0.826407, 0.00226444, 0.00280497, 0.00316778, 0.0119229
0.00093288, 0.00430728, 0.000274148, 0.0209509, 0.0011575, 0.00561557, 0.00133415, 0.955097, 0.00041298, 0.00991807
0.318291, 0.0169749, 0.028406, 0.133598, 0.0564521, 0.352288, 0.0489519, 0.0363106, 0.0049929, 0.00373434
0.04243, 0.00957572, 0.264102, 0.0003911, 0.0403379, 0.111815, 0.454354, 0.0710823, 0.00387117, 0.00204083
0.0457771, 0.00242998, 4.73985e-05, 0.000102953, 0.118102, 0.0458752, 0.772196, 0.00813498, 0.00644546, 0.000889012
0.0033939, 0.000235853, 0.000346639, 0.000356676, 0.0128756, 0.305327, 0.675425, 0.000574762, 0.00103903, 0.000425948
0.205962, 0.00631643, 0.033075, 0.469173, 0.00897388, 0.119918, 0.00884194, 0.106758, 0.0042248, 0.0367575
0.00372599, 0.000669278, 0.0638923, 0.0105989, 0.00164099, 0.000807978, 0.0108869, 0.650094, 0.247644, 0.0100401
0.0758954, 0.0555877, 0.130557, 0.237847, 0.0106708, 0.104548, 0.0320986, 0.00760014, 0.322434, 0.0227607
0.00968636, 0.00534721, 0.000994517, 0.000705486, 0.00915009, 0.156109, 0.640657, 0.0947833, 0.0811486, 0.00141823
0.0465291, 0.122306, 0.0237295, 0.0602344, 0.00845871, 0.621797, 0.0393573, 0.0432382, 0.0241816, 0.0101688
0.0166914, 0.882491, 0.00309313, 0.00105557, 0.0358316, 0.0159853, 0.0196829, 0.0235223, 0.00121082, 0.000435674
0.0743332, 0.0858189, 0.0160566, 0.0391357, 0.00215768, 0.693053, 0.0466586, 0.00569693, 0.0328285, 0.00426057
0.00836214, 0.000686967, 0.000191692, 0.000579386, 0.00420339, 0.968902, 0.00984009, 0.000321385, 0.00639722, 0.000515529
0.00874905, 0.153989, 0.0158911, 0.0129748, 0.0125884, 0.576803, 0.0271223, 0.0896688, 0.00846029, 0.0937534
0.0135897, 0.222144, 0.00339354, 0.000870176, 0.384845, 0.000640438, 0.0764985, 0.0606532, 0.000999476, 0.236366
0.00480611, 0.00657216, 0.000376894, 0.000255654, 0.832194, 0.0519793, 0.0610237, 0.0034566, 0.00357601, 0.0357595
0.23761, 0.00299917, 0.0124704, 0.0906676, 0.00366179, 0.474975, 0.0170279, 0.0625551, 0.0084436, 0.0895893
8.79802e-05, 0.00295342, 0.00191373, 0.000417879, 0.259072, 1.66071e-05, 6.69136e-05, 0.287, 0.00620268, 0.442269
0.0110281, 0.00129522, 0.000260169, 0.00107007, 0.0270381, 0.607829, 0.322672, 0.00312592, 0.0252157, 0.000464776
0.00243825, 2.81573e-05, 6.07378e-05, 0.000469477, 0.000182423, 0.993415, 0.00173345, 0.000614859, 0.000997542, 6.0282e-05
0.063496, 0.298115, 0.0107897, 0.0247234, 0.0559464, 0.446094, 0.0134929, 0.0827202, 0.000141566, 0.00448085
0.0332194, 0.258422, 0.00316893, 0.0187391, 0.0216931, 0.424699, 0.197301, 0.0397588, 0.000253322, 0.00274504
0.295067, 0.00284123, 0.00984871, 0.409575, 0.016276, 0.18679, 0.0215536, 0.00706057, 0.0242492, 0.0267391
0.104701, 0.0109418, 0.0715638, 0.0165606, 0.00160015, 0.479829, 0.252621, 0.00458827, 0.0315973, 0.0259979
0.583848, 0.0155124, 0.0441951, 0.0981724, 0.0262859, 0.0604296, 0.0648699, 0.00389293, 0.044801, 0.0579924
0.0327657, 0.306912, 0.00260203, 0.0335856, 0.0673196, 0.00105156, 0.0150203, 0.537577, 0.000932864, 0.00223345
0.0347131, 0.0571003, 0.00048444, 0.0610085, 0.00546835, 0.758506, 0.049638, 0.02741, 0.00471422, 0.000957028
0.0026863, 0.00756479, 0.00147193, 0.0138655, 0.000652547, 0.0555641, 0.00142694, 0.812471, 0.0959285, 0.00836797
0.0770448, 0.0161243, 0.00499063, 0.032128, 0.00532317, 0.740688, 0.0286705, 0.0106318, 0.0568749, 0.0275241
0.21417, 0.00282139, 8.15595e-05, 0.00079138, 0.748558, 0.000672834, 0.00207576, 0.0195528, 0.000825878, 0.0104504
0.334958, 0.439697, 0.00414937, 0.0106143, 0.0204071, 0.00056765, 0.0238186, 0.13438, 0.0165, 0.0149084
0.00951838, 0.0630146, 0.0130713, 0.00844963, 0.532053, 0.025684, 0.0803254, 0.174532, 0.0225736, 0.0707784
0.224425, 0.00259798, 0.000449774, 0.00890723, 0.0747169, 0.0990905, 0.464633, 0.00132992, 0.0647694, 0.0590796
0.0120739, 0.00037735, 0.000195702, 0.171769, 5.64331e-05, 0.68868, 0.00662532, 0.000667685, 0.0928172, 0.0267375
0.000124685, 0.00224652, 0.00243213, 0.00143744, 0.182986, 2.74492e-05, 0.000141393, 0.517427, 0.00152755, 0.29165
0.0449502, 0.0100049, 0.00175082, 0.0044263, 0.0380387, 0.603238, 0.222444, 0.0574211, 0.016722, 0.00100381
0.0101722, 0.0661832, 0.535096, 0.0497434, 0.00304188, 0.176756, 0.00122277, 0.0739827, 0.0192514, 0.0645506
0.0224806, 0.110537, 0.122255, 0.0600411, 0.00906703, 0.00273962, 0.00225313, 0.641719, 0.00135054, 0.0275578
0.00027902, 0.00354401, 0.00104345, 0.000182089, 0.000406844, 0.989377, 0.00232799, 0.000400704, 0.00224121, 0.000197849
0.0146926, 0.000504921, 0.0199895, 0.019515, 0.00291724, 0.546567, 0.0196133, 0.362127, 0.0126121, 0.00146149
0.0194926, 0.0333998, 0.00775826, 0.517942, 0.0625859, 0.00698104, 0.314954, 0.020211, 0.00671264, 0.00996256
0.13335, 0.0405554, 0.0855609, 0.353963, 0.0704599, 0.227915, 0.0418619, 0.0158569, 0.00353205, 0.0269451
0.0580551, 0.0283517, 0.017594, 0.0074047, 0.00307375, 0.0035656, 0.0107227, 0.869497, 0.00141476, 0.000320823
0.023945, 0.00748916, 0.00775768, 0.174808, 0.0305167, 0.590638, 0.0655662, 0.0745766, 0.0194425, 0.00526065
0.000892097, 0.000203784, 0.000286947, 0.000422992, 0.00465198, 0.971102, 0.00197193, 0.0145026, 0.00301482, 0.00295128
0.0629043, 0.282546, 0.342688, 0.0854901, 0.0382683, 0.0946142, 0.00756258, 0.0585989, 0.00212815, 0.0252004
0.00539581, 0.002812, 0.000277814, 7.02961e-05, 0.00648925, 0.692975, 0.268838, 0.015176, 0.00727797, 0.000687991
0.00180519, 0.00991477, 0.00012046, 0.00509816, 0.000113845, 0.961371, 0.00308271, 0.015178, 0.00316763, 0.000148168
0.00052849, 0.990711, 0.00377171, 0.00133715, 2.12253e-05, 0.000589775, 0.000133896, 0.00244671, 1.19978e-05, 0.000448066
0.0318427, 0.000181515, 5.42331e-05, 0.00067759, 0.00816615, 0.76768, 0.164234, 0.000882389, 0.024718, 0.00156324
0.339771, 0.0105907, 0.00512241, 0.276592, 0.00163358, 0.193321, 0.00360872, 0.0317907, 0.0630652, 0.0745046
